Total:15
Fall:off
Zero:2048,2048,2048,1037,3245,2135,2048,2048,2048,2925,1176,2045,2079,2040,2073,2048,2048
Num:100
Name:zero1
N:2
{2045,2045,2045,1030,3245,2130,2040,2040,2040,2920,1170,2040,2070,2038,2070,2040,2040}:50:10
{2048,2048,2048,1037,3245,2135,2048,2048,2048,2925,1176,2045,2079,2040,2073,2048,2048}:50:10
Num:50
Name:上摆手动作
N:12
{2048,2048,2048,1037,3245,2135,2048,2048,2048,2925,1176,2045,2079,2040,2073,2048,2048}:200:5
{2048,2048,2048,2699,1453,2135,2048,2048,2048,2925,1176,2045,2079,2040,2073,2048,2048}:200:20
{2048,2440,1712,2959,1193,2135,2048,2048,2048,2925,1176,2045,2079,2040,2073,2048,2048}:200:7
{2048,2076,2076,2699,1401,2135,2048,2048,2048,2925,1176,2045,2079,2040,2073,2048,2048}:200:7
{2048,2440,1712,2959,1193,2135,2048,2048,2048,2925,1176,2045,2079,2040,2073,2048,2048}:50:11
{2048,2076,2076,2699,1401,2135,2048,2048,2048,2925,1176,2045,2079,2040,2073,2048,2048}:200:5
{2048,2440,1712,2959,1193,2135,2048,2048,2048,2925,1176,2045,2079,2040,2073,2048,2048}:200:5
{2048,2076,2076,2699,1401,2135,2048,2048,2048,2925,1176,2045,2079,2040,2073,2048,2048}:60:8
{2048,2440,1712,2959,1193,2135,2048,2048,2048,2925,1176,2045,2079,2040,2073,2048,2048}:200:5
{2048,2076,2076,2699,1401,2135,2048,2048,2048,2925,1176,2045,2079,2040,2073,2048,2048}:200:5
{2048,2048,2048,2699,1453,2135,2048,2048,2048,2925,1176,2045,2079,2040,2073,2048,2048}:200:7
{2048,2048,2048,1037,3245,2135,2048,2048,2048,2925,1176,2045,2079,2040,2073,2048,2048}:200:10
Num:51
Name:上伸手动作
N:11
{2048,2048,2048,1037,3245,2135,2048,2048,2048,2925,1176,2045,2079,2040,2073,2048,2048}:300:5
{2048,2048,2048,2855,1401,2135,2048,2048,2048,2925,1176,2045,2079,2040,2073,2048,2048}:850:8
{2048,2769,1349,2492,1764,2135,2048,2048,2048,2925,1176,2045,2079,2040,2073,2048,2048}:900:2
{2048,2336,1712,2959,1349,2135,2048,2048,2048,2925,1176,2045,2079,2040,2073,2048,2048}:900:2
{2048,2769,1349,2492,1764,2135,2048,2048,2048,2925,1176,2045,2079,2040,2073,2048,2048}:900:2
{2048,2336,1712,2959,1349,2135,2048,2048,2048,2925,1176,2045,2079,2040,2073,2048,2048}:900:2
{2048,2769,1349,2492,1764,2135,2048,2048,2048,2925,1176,2045,2079,2040,2073,2048,2048}:900:2
{2048,2336,1712,2959,1349,2135,2048,2048,2048,2925,1176,2045,2079,2040,2073,2048,2048}:900:2
{2048,2769,1349,2492,1764,2135,2048,2048,2048,2925,1176,2045,2079,2040,2073,2048,2048}:900:2
{2048,2336,1712,2959,1349,2135,2048,2048,2048,2925,1176,2045,2079,2040,2073,2048,2048}:900:2
{2048,2048,2048,1037,3245,2135,2048,2048,2048,2925,1176,2045,2079,2040,2073,2048,2048}:300:5
Num:52
Name:上下弯曲伸手动作1
N:10
{2048,2048,2048,1037,3245,2135,2048,2048,2048,2925,1176,2045,2079,2040,2073,2048,2048}:500:10
{2048,3115,3219,1037,1037,2135,2048,2048,2048,2925,1176,2045,2079,2040,2073,2048,2048}:500:10
{2048,2751,2751,1453,1453,2135,2048,2048,2048,2925,1176,2045,2079,2040,2073,2048,2048}:600:4
{2048,3115,3219,1037,1037,2135,2048,2048,2048,2925,1176,2045,2079,2040,2073,2048,2048}:600:4
{2048,2751,2751,1453,1453,2135,2048,2048,2048,2925,1176,2045,2079,2040,2073,2048,2048}:600:4
{2048,3115,3219,1037,1037,2135,2048,2048,2048,2925,1176,2045,2079,2040,2073,2048,2048}:600:4
{2048,2751,2751,1453,1453,2135,2048,2048,2048,2925,1176,2045,2079,2040,2073,2048,2048}:200:4
{2048,3115,3219,1037,1037,2135,2048,2048,2048,2925,1176,2045,2079,2040,2073,2048,2048}:200:4
{2048,2751,2751,1453,1453,2135,2048,2048,2048,2925,1176,2045,2079,2040,2073,2048,2048}:400:4
{2048,2048,2048,1037,3245,2135,2048,2048,2048,2925,1176,2045,2079,2040,2073,2048,2048}:500:10
Num:53
Name:上下弯曲伸手动作2
N:10
{2048,2048,2048,1037,3245,2135,2048,2048,2048,2925,1176,2045,2079,2040,2073,2048,2048}:500:10
{2048,985,934,3167,3228,2135,2048,2048,2048,2925,1176,2045,2079,2040,2073,2048,2048}:500:10
{2048,1349,1349,2803,2855,2135,2048,2048,2048,2925,1176,2045,2079,2040,2073,2048,2048}:500:4
{2048,985,923,3167,3219,2135,2048,2048,2048,2925,1176,2045,2079,2040,2073,2048,2048}:500:4
{2048,1349,1349,2803,2855,2135,2048,2048,2048,2925,1176,2045,2079,2040,2073,2048,2048}:500:4
{2048,985,943,3167,3219,2135,2048,2048,2048,2925,1176,2045,2079,2040,2073,2048,2048}:500:4
{2048,1349,1349,2803,2855,2135,2048,2048,2048,2925,1176,2045,2079,2040,2073,2048,2048}:500:4
{2048,985,943,3167,3219,2135,2048,2048,2048,2925,1176,2045,2079,2040,2073,2048,2048}:500:4
{2048,1349,1349,2803,2855,2135,2048,2048,2048,2925,1176,2045,2079,2040,2073,2048,2048}:500:4
{2048,2048,2048,1037,3245,2135,2048,2048,2048,2925,1176,2045,2079,2040,2073,2048,2048}:500:10
Num:54
Name:前后弯曲伸手动作
N:10
{2048,2048,2048,1037,3245,2135,2048,2048,2048,2925,1176,2045,2079,2040,2073,2048,2048}:500:10
{2048,3167,985,1037,3245,1037,933,2048,2048,2925,1176,2045,2079,2040,2073,2048,2048}:500:10
{2048,2855,1245,1401,2907,1037,933,2048,2048,2925,1176,2045,2079,2040,2073,2048,2048}:500:2
{2048,3167,985,1037,3245,1037,933,2048,2048,2925,1176,2045,2079,2040,2073,2048,2048}:500:2
{2048,2855,1245,1401,2907,1037,933,2048,2048,2925,1176,2045,2079,2040,2073,2048,2048}:500:2
{2048,3167,985,1037,3245,1037,933,2048,2048,2925,1176,2045,2079,2040,2073,2048,2048}:500:2
{2048,2855,1245,1401,2907,1037,933,2048,2048,2925,1176,2045,2079,2040,2073,2048,2048}:500:2
{2048,3167,985,1037,3245,1037,933,2048,2048,2925,1176,2045,2079,2040,2073,2048,2048}:500:2
{2048,2855,1245,1401,2907,1037,933,2048,2048,2925,1176,2045,2079,2040,2073,2048,2048}:500:2
{2048,2048,2048,1037,3245,2135,2048,2048,2048,2925,1176,2045,2079,2040,2073,2048,2048}:500:10
Num:55
Name:前后弯曲伸手反向
N:10
{2048,2048,2048,1037,3245,2135,2048,2048,2048,2925,1176,2045,2079,2040,2073,2048,2048}:500:10
{2048,3167,1089,985,3219,3219,3167,2048,2048,2925,1176,2045,2079,2040,2073,2048,2048}:500:10
{2048,2907,1245,1297,3011,3219,3167,2048,2048,2925,1176,2045,2079,2040,2073,2048,2048}:500:2
{2048,3167,1089,985,3219,3219,3167,2048,2048,2925,1176,2045,2079,2040,2073,2048,2048}:500:2
{2048,2907,1245,1297,3011,3219,3167,2048,2048,2925,1176,2045,2079,2040,2073,2048,2048}:500:2
{2048,3167,1089,985,3219,3219,3167,2048,2048,2925,1176,2045,2079,2040,2073,2048,2048}:500:2
{2048,2907,1245,1297,3011,3219,3167,2048,2048,2925,1176,2045,2079,2040,2073,2048,2048}:500:2
{2048,3167,1089,985,3219,3219,3167,2048,2048,2925,1176,2045,2079,2040,2073,2048,2048}:500:2
{2048,2907,1245,1297,3011,3219,3167,2048,2048,2925,1176,2045,2079,2040,2073,2048,2048}:500:2
{2048,2048,2048,1037,3245,2135,2048,2048,2048,2925,1176,2045,2079,2040,2073,2048,2048}:500:10
Num:56
Name:直立上下摆手
N:11
{2048,2048,2048,1037,3245,2135,2048,2048,2048,2925,1176,2045,2079,2040,2073,2048,2048}:500:10
{2048,2048,2048,2128,2128,2135,2048,2048,2048,2925,1176,2045,2079,2040,2073,2048,2048}:400:9
{2048,2048,2048,2647,1556,2135,2048,2048,2048,2925,1176,2045,2079,2040,2073,2048,2048}:400:9
{2048,2048,2048,1505,2855,2135,2048,2048,2048,2925,1176,2045,2079,2040,2073,2048,2048}:400:9
{2048,2048,2048,2647,1556,2135,2048,2048,2048,2925,1176,2045,2079,2040,2073,2048,2048}:500:5
{2048,2048,2048,1505,2855,2135,2048,2048,2048,2925,1176,2045,2079,2040,2073,2048,2048}:500:5
{2048,2048,2048,2647,1556,2135,2048,2048,2048,2925,1176,2045,2079,2040,2073,2048,2048}:500:5
{2048,2048,2048,1505,2855,2135,2048,2048,2048,2925,1176,2045,2079,2040,2073,2048,2048}:500:5
{2048,2048,2048,2647,1556,2135,2048,2048,2048,2925,1176,2045,2079,2040,2073,2048,2048}:500:5
{2048,2048,2048,1505,2855,2135,2048,2048,2048,2925,1176,2045,2079,2040,2073,2048,2048}:500:5
{2048,2048,2048,1037,3245,2135,2048,2048,2048,2925,1176,2045,2079,2040,2073,2048,2048}:500:10
Num:57
Name:身体后仰
N:2
{2048,2048,2048,1037,3245,2135,2048,2048,2048,2925,1176,2045,2079,2040,2073,2048,2048}:50:10
{2048,2048,2048,1037,3245,2135,2048,2048,2048,2668,1490,2693,1556,1505,2544,2048,2048}:50:10
Num:58
Name:后仰加上伸手动作
N:10
{2048,2048,2048,1037,3245,2135,2048,2048,2048,2925,1176,2045,2079,2040,2073,2048,2048}:50:10
{2048,1556,2699,1505,2595,3738,466,2048,2048,2668,1490,2693,1556,1505,2544,2048,2048}:100:25
{2048,2076,2076,1037,3271,3738,466,2048,2048,2668,1490,2693,1556,1505,2544,2048,2048}:500:5
{2048,1556,2699,1505,2595,3738,466,2048,2048,2668,1490,2693,1556,1505,2544,2048,2048}:500:5
{2048,2076,2076,1037,3271,3738,466,2048,2048,2668,1490,2693,1556,1505,2544,2048,2048}:500:5
{2048,1556,2699,1505,2595,3738,466,2048,2048,2668,1490,2693,1556,1505,2544,2048,2048}:500:5
{2048,2076,2076,1037,3271,3738,466,2048,2048,2668,1490,2693,1556,1505,2544,2048,2048}:500:5
{2048,1556,2699,1505,2595,3738,466,2048,2048,2668,1490,2693,1556,1505,2544,2048,2048}:500:5
{2048,2076,2076,1037,3271,3738,466,2048,2048,2668,1490,2693,1556,1505,2544,2048,2048}:500:8
{2048,2048,2048,1037,3245,2135,2048,2048,2048,2925,1176,2045,2079,2040,2073,2048,2048}:100:10
Num:59
Name:起蹲
N:10
{2048,2048,2048,1037,3245,2135,2048,2048,2048,3011,1141,2751,1401,1401,2699,2048,2048}:50:10
{2048,2048,2048,1037,3245,2135,2048,2048,2048,3011,1141,3063,1089,1089,3011,2048,2048}:50:10
{2048,2048,2048,1037,3245,2135,2048,2048,2048,3011,1141,2751,1401,1401,2699,2048,2048}:50:10
{2048,2048,2048,1037,3245,2135,2048,2048,2048,3011,1141,3063,1089,1089,3011,2048,2048}:50:10
{2048,2048,2048,1037,3245,2135,2048,2048,2048,3011,1141,2751,1401,1401,2699,2048,2048}:50:10
{2048,2048,2048,1037,3245,2135,2048,2048,2048,3011,1141,3063,1089,1089,3011,2048,2048}:50:10
{2048,2048,2048,1037,3245,2135,2048,2048,2048,3011,1141,2751,1401,1401,2699,2048,2048}:50:10
{2048,2048,2048,1037,3245,2135,2048,2048,2048,3011,1141,3063,1089,1089,3011,2048,2048}:50:10
{2048,2048,2048,1037,3245,2135,2048,2048,2048,3011,1141,2751,1401,1401,2699,2048,2048}:50:10
{2048,2048,2048,1037,3245,2135,2048,2048,2048,2925,1176,2045,2079,2040,2073,2048,2048}:50:10
Num:60
Name:俯卧撑
N:21
{2048,2048,2048,1037,3245,2135,2048,2048,2048,2925,1176,2045,2079,2040,2073,2048,2048}:50:10
{2049,2049,2049,1040,3152,2143,2048,2057,2047,2895,1214,3378,790,859,3264,2071,2045}:50:30
{2050,2050,2049,1040,3146,2813,1276,2090,2032,2727,1381,3378,790,717,3392,2073,2037}:50:20
{2049,2049,2049,1041,3146,2813,1275,841,3192,2872,1182,3378,791,716,3339,1687,2083}:50:30
{2050,2051,2047,1043,3205,2887,1272,906,3150,1925,2094,2184,2008,2099,2051,1991,2024}:50:30
{2050,2048,2049,1041,3206,2890,1271,1894,2047,2181,1954,2184,2004,2101,2045,1991,2025}:50:20
{2050,2049,2047,1042,3202,3105,1007,1941,2045,3072,1089,2184,2006,2100,2046,1991,2025}:50:25
{2050,928,3077,2075,2146,3105,1012,1941,2045,3074,1091,2187,2000,2100,2045,1991,2025}:100:25
{2049,2027,2075,978,3228,3106,1018,1941,2045,3078,1093,2189,2000,2101,2045,1991,2025}:100:20
{2050,928,3077,2075,2146,3105,1012,1941,2045,3074,1091,2187,2000,2100,2045,1991,2025}:100:20
{2049,2027,2075,978,3228,3106,1018,1941,2045,3078,1093,2189,2000,2101,2045,1991,2025}:100:20
{2050,928,3077,2075,2146,3105,1012,1941,2045,3074,1091,2187,2000,2100,2045,1991,2025}:100:20
{2049,2027,2075,978,3228,3106,1018,1941,2045,3078,1093,2189,2000,2101,2045,1991,2025}:100:20
{2050,2048,2049,1041,3206,2890,1271,1894,2047,2181,1954,2184,2004,2101,2045,1991,2025}:100:20
{2050,2051,2047,1043,3205,2887,1272,906,3150,1925,2094,2184,2008,2099,2051,1991,2024}:50:25
{2049,2049,2049,1041,3146,2813,1275,841,3192,2872,1182,3378,791,716,3339,1687,2083}:50:35
{2050,2051,2048,1041,3149,2819,1276,844,3220,2941,1181,3370,897,852,3301,1435,2657}:50:30
{2050,2051,2048,1042,3150,2819,1276,1314,2752,2985,1108,3371,829,859,3280,1337,2727}:50:25
{2050,2051,2048,1042,3149,2819,1276,1717,2199,3277,983,3388,797,1210,3081,1775,2214}:50:25
{2050,2051,2048,1042,3149,2819,1276,2042,2081,3245,983,3387,792,1166,3081,2054,2034}:50:20
{2050,2051,2050,1048,3135,2083,2002,2064,2065,3063,1078,2682,1465,1616,2567,2054,2039}:50:30
Num:99
Name:综合
N:101
{2048,2048,2048,1037,3245,2135,2048,2048,2048,2925,1176,2045,2079,2040,2073,2048,2048}:200:5
{2048,2048,2048,2699,1453,2135,2048,2048,2048,2925,1176,2045,2079,2040,2073,2048,2048}:200:20
{2048,2440,1712,2959,1193,2135,2048,2048,2048,2925,1176,2045,2079,2040,2073,2048,2048}:200:7
{2048,2076,2076,2699,1401,2135,2048,2048,2048,2925,1176,2045,2079,2040,2073,2048,2048}:200:7
{2048,2440,1712,2959,1193,2135,2048,2048,2048,2925,1176,2045,2079,2040,2073,2048,2048}:50:11
{2048,2076,2076,2699,1401,2135,2048,2048,2048,2925,1176,2045,2079,2040,2073,2048,2048}:200:5
{2048,2440,1712,2959,1193,2135,2048,2048,2048,2925,1176,2045,2079,2040,2073,2048,2048}:200:5
{2048,2076,2076,2699,1401,2135,2048,2048,2048,2925,1176,2045,2079,2040,2073,2048,2048}:60:8
{2048,2440,1712,2959,1193,2135,2048,2048,2048,2925,1176,2045,2079,2040,2073,2048,2048}:200:5
{2048,2076,2076,2699,1401,2135,2048,2048,2048,2925,1176,2045,2079,2040,2073,2048,2048}:200:5
{2048,2048,2048,2699,1453,2135,2048,2048,2048,2925,1176,2045,2079,2040,2073,2048,2048}:200:7
{2048,3167,985,1037,3245,1037,933,2048,2048,2925,1176,2045,2079,2040,2073,2048,2048}:500:10
{2048,2855,1245,1401,2907,1037,933,2048,2048,2925,1176,2045,2079,2040,2073,2048,2048}:500:2
{2048,3167,985,1037,3245,1037,933,2048,2048,2925,1176,2045,2079,2040,2073,2048,2048}:500:2
{2048,2855,1245,1401,2907,1037,933,2048,2048,2925,1176,2045,2079,2040,2073,2048,2048}:500:2
{2048,3167,985,1037,3245,1037,933,2048,2048,2925,1176,2045,2079,2040,2073,2048,2048}:500:2
{2048,2855,1245,1401,2907,1037,933,2048,2048,2925,1176,2045,2079,2040,2073,2048,2048}:500:2
{2048,3167,985,1037,3245,1037,933,2048,2048,2925,1176,2045,2079,2040,2073,2048,2048}:500:2
{2048,2855,1245,1401,2907,1037,933,2048,2048,2925,1176,2045,2079,2040,2073,2048,2048}:500:2
{2048,3167,1089,985,3219,3219,3167,2048,2048,2925,1176,2045,2079,2040,2073,2048,2048}:500:10
{2048,2907,1245,1297,3011,3219,3167,2048,2048,2925,1176,2045,2079,2040,2073,2048,2048}:500:2
{2048,3167,1089,985,3219,3219,3167,2048,2048,2925,1176,2045,2079,2040,2073,2048,2048}:500:2
{2048,2907,1245,1297,3011,3219,3167,2048,2048,2925,1176,2045,2079,2040,2073,2048,2048}:500:2
{2048,3167,1089,985,3219,3219,3167,2048,2048,2925,1176,2045,2079,2040,2073,2048,2048}:500:2
{2048,2907,1245,1297,3011,3219,3167,2048,2048,2925,1176,2045,2079,2040,2073,2048,2048}:500:2
{2048,3167,1089,985,3219,3219,3167,2048,2048,2925,1176,2045,2079,2040,2073,2048,2048}:500:2
{2048,2907,1245,1297,3011,3219,3167,2048,2048,2925,1176,2045,2079,2040,2073,2048,2048}:500:2
{2048,3115,3219,1037,1037,2135,2048,2048,2048,2925,1176,2045,2079,2040,2073,2048,2048}:500:10
{2048,2751,2751,1453,1453,2135,2048,2048,2048,2925,1176,2045,2079,2040,2073,2048,2048}:600:4
{2048,3115,3219,1037,1037,2135,2048,2048,2048,2925,1176,2045,2079,2040,2073,2048,2048}:600:4
{2048,2751,2751,1453,1453,2135,2048,2048,2048,2925,1176,2045,2079,2040,2073,2048,2048}:600:4
{2048,3115,3219,1037,1037,2135,2048,2048,2048,2925,1176,2045,2079,2040,2073,2048,2048}:600:4
{2048,2751,2751,1453,1453,2135,2048,2048,2048,2925,1176,2045,2079,2040,2073,2048,2048}:200:4
{2048,3115,3219,1037,1037,2135,2048,2048,2048,2925,1176,2045,2079,2040,2073,2048,2048}:200:4
{2048,2751,2751,1453,1453,2135,2048,2048,2048,2925,1176,2045,2079,2040,2073,2048,2048}:400:4
{2048,985,934,3167,3228,2135,2048,2048,2048,2925,1176,2045,2079,2040,2073,2048,2048}:500:10
{2048,1349,1349,2803,2855,2135,2048,2048,2048,2925,1176,2045,2079,2040,2073,2048,2048}:500:4
{2048,985,923,3167,3219,2135,2048,2048,2048,2925,1176,2045,2079,2040,2073,2048,2048}:500:4
{2048,1349,1349,2803,2855,2135,2048,2048,2048,2925,1176,2045,2079,2040,2073,2048,2048}:500:4
{2048,985,943,3167,3219,2135,2048,2048,2048,2925,1176,2045,2079,2040,2073,2048,2048}:500:4
{2048,1349,1349,2803,2855,2135,2048,2048,2048,2925,1176,2045,2079,2040,2073,2048,2048}:500:4
{2048,985,943,3167,3219,2135,2048,2048,2048,2925,1176,2045,2079,2040,2073,2048,2048}:500:4
{2048,1349,1349,2803,2855,2135,2048,2048,2048,2925,1176,2045,2079,2040,2073,2048,2048}:500:4
{2048,2048,2048,2128,2128,2135,2048,2048,2048,2925,1176,2045,2079,2040,2073,2048,2048}:400:9
{2048,2048,2048,2647,1556,2135,2048,2048,2048,2925,1176,2045,2079,2040,2073,2048,2048}:400:9
{2048,2048,2048,1505,2855,2135,2048,2048,2048,2925,1176,2045,2079,2040,2073,2048,2048}:400:9
{2048,2048,2048,2647,1556,2135,2048,2048,2048,2925,1176,2045,2079,2040,2073,2048,2048}:500:5
{2048,2048,2048,1505,2855,2135,2048,2048,2048,2925,1176,2045,2079,2040,2073,2048,2048}:500:5
{2048,2048,2048,2647,1556,2135,2048,2048,2048,2925,1176,2045,2079,2040,2073,2048,2048}:500:5
{2048,2048,2048,1505,2855,2135,2048,2048,2048,2925,1176,2045,2079,2040,2073,2048,2048}:500:5
{2048,2048,2048,2647,1556,2135,2048,2048,2048,2925,1176,2045,2079,2040,2073,2048,2048}:500:5
{2048,2048,2048,1505,2855,2135,2048,2048,2048,2925,1176,2045,2079,2040,2073,2048,2048}:500:5
{2048,1556,2699,1505,2595,3738,466,2048,2048,2668,1490,2693,1556,1505,2544,2048,2048}:100:25
{2048,2076,2076,1037,3271,3738,466,2048,2048,2668,1490,2693,1556,1505,2544,2048,2048}:500:5
{2048,1556,2699,1505,2595,3738,466,2048,2048,2668,1490,2693,1556,1505,2544,2048,2048}:500:5
{2048,2076,2076,1037,3271,3738,466,2048,2048,2668,1490,2693,1556,1505,2544,2048,2048}:500:5
{2048,1556,2699,1505,2595,3738,466,2048,2048,2668,1490,2693,1556,1505,2544,2048,2048}:500:5
{2048,2076,2076,1037,3271,3738,466,2048,2048,2668,1490,2693,1556,1505,2544,2048,2048}:500:5
{2048,1556,2699,1505,2595,3738,466,2048,2048,2668,1490,2693,1556,1505,2544,2048,2048}:500:5
{2048,2076,2076,1037,3271,3738,466,2048,2048,2668,1490,2693,1556,1505,2544,2048,2048}:500:8
{2048,2048,2048,1037,3245,2135,2048,2048,2048,3011,1141,2751,1401,1401,2699,2048,2048}:50:10
{2048,2048,2048,1037,3245,2135,2048,2048,2048,3011,1141,3063,1089,1089,3011,2048,2048}:50:10
{2048,2048,2048,1037,3245,2135,2048,2048,2048,3011,1141,2751,1401,1401,2699,2048,2048}:50:10
{2048,2048,2048,1037,3245,2135,2048,2048,2048,3011,1141,3063,1089,1089,3011,2048,2048}:50:10
{2048,2048,2048,1037,3245,2135,2048,2048,2048,3011,1141,2751,1401,1401,2699,2048,2048}:50:10
{2048,2048,2048,1037,3245,2135,2048,2048,2048,3011,1141,3063,1089,1089,3011,2048,2048}:50:10
{2048,2048,2048,1037,3245,2135,2048,2048,2048,3011,1141,2751,1401,1401,2699,2048,2048}:50:10
{2048,2048,2048,1037,3245,2135,2048,2048,2048,3011,1141,3063,1089,1089,3011,2048,2048}:50:10
{2048,2048,2048,1037,3245,2135,2048,2048,2048,3011,1141,2751,1401,1401,2699,2048,2048}:50:10
{2049,2049,2049,1040,3152,2143,2048,2057,2047,2895,1214,3378,790,859,3264,2071,2045}:50:30
{2050,2050,2049,1040,3146,2813,1276,2090,2032,2727,1381,3378,790,717,3392,2073,2037}:50:20
{2049,2049,2049,1041,3146,2813,1275,841,3192,2872,1182,3378,791,716,3339,1687,2083}:50:30
{2050,2051,2047,1043,3205,2887,1272,906,3150,1925,2094,2184,2008,2099,2051,1991,2024}:50:30
{2050,2048,2049,1041,3206,2890,1271,1894,2047,2181,1954,2184,2004,2101,2045,1991,2025}:50:20
{2050,2049,2047,1042,3202,3105,1007,1941,2045,3072,1089,2184,2006,2100,2046,1991,2025}:50:25
{2050,928,3077,2075,2146,3105,1012,1941,2045,3074,1091,2187,2000,2100,2045,1991,2025}:100:25
{2049,2027,2075,978,3228,3106,1018,1941,2045,3078,1093,2189,2000,2101,2045,1991,2025}:100:20
{2050,928,3077,2075,2146,3105,1012,1941,2045,3074,1091,2187,2000,2100,2045,1991,2025}:100:20
{2049,2027,2075,978,3228,3106,1018,1941,2045,3078,1093,2189,2000,2101,2045,1991,2025}:100:20
{2050,928,3077,2075,2146,3105,1012,1941,2045,3074,1091,2187,2000,2100,2045,1991,2025}:100:20
{2049,2027,2075,978,3228,3106,1018,1941,2045,3078,1093,2189,2000,2101,2045,1991,2025}:100:20
{2050,2048,2049,1041,3206,2890,1271,1894,2047,2181,1954,2184,2004,2101,2045,1991,2025}:100:20
{2050,2051,2047,1043,3205,2887,1272,906,3150,1925,2094,2184,2008,2099,2051,1991,2024}:50:25
{2049,2049,2049,1041,3146,2813,1275,841,3192,2872,1182,3378,791,716,3339,1687,2083}:50:35
{2050,2051,2048,1041,3149,2819,1276,844,3220,2941,1181,3370,897,852,3301,1435,2657}:50:30
{2050,2051,2048,1042,3150,2819,1276,1314,2752,2985,1108,3371,829,859,3280,1337,2727}:50:25
{2050,2051,2048,1042,3149,2819,1276,1717,2199,3277,983,3388,797,1210,3081,1775,2214}:50:25
{2050,2051,2048,1042,3149,2819,1276,2042,2081,3245,983,3387,792,1166,3081,2054,2034}:50:20
{2050,2051,2050,1048,3135,2083,2002,2064,2065,3063,1078,2682,1465,1616,2567,2054,2039}:50:30
{2048,2048,2048,1037,3245,2135,2048,2048,2048,2925,1176,2045,2079,2040,2073,2048,2048}:50:20
{2048,2048,2048,2699,1453,2135,2048,2048,2048,2925,1176,2045,2079,2040,2073,2048,2048}:100:20
{2048,2440,1712,2959,1193,2135,2048,2048,2048,2925,1176,2045,2079,2040,2073,2048,2048}:100:15
{2048,2076,2076,2699,1401,2135,2048,2048,2048,2925,1176,2045,2079,2040,2073,2048,2048}:200:7
{2048,2440,1712,2959,1193,2135,2048,2048,2048,2925,1176,2045,2079,2040,2073,2048,2048}:200:11
{2048,2076,2076,2699,1401,2135,2048,2048,2048,2925,1176,2045,2079,2040,2073,2048,2048}:200:5
{2048,2440,1712,2959,1193,2135,2048,2048,2048,2925,1176,2045,2079,2040,2073,2048,2048}:200:5
{2048,2076,2076,2699,1401,2135,2048,2048,2048,2925,1176,2045,2079,2040,2073,2048,2048}:100:8
{2048,2440,1712,2959,1193,2135,2048,2048,2048,2925,1176,2045,2079,2040,2073,2048,2048}:200:5
{2048,2076,2076,2699,1401,2135,2048,2048,2048,2925,1176,2045,2079,2040,2073,2048,2048}:200:5
{2048,2048,2048,2699,1453,2135,2048,2048,2048,2925,1176,2045,2079,2040,2073,2048,2048}:200:7
{2048,2048,2048,1037,3245,2135,2048,2048,2048,2925,1176,2045,2079,2040,2073,2048,2048}:200:10
Num:300
Name:new
N:3
{2048,2048,2048,1037,3245,2135,2048,2048,2048,2925,1176,2045,2079,2040,2073,2048,2048}:50:15
{2048,2045,2049,1039,3245,2136,453,2047,2046,2926,1172,2097,2064,2064,2077,2050,2045}:50:15
{2048,2045,2049,1040,3245,3975,2074,2047,2046,3003,1091,2095,2071,2062,2080,2050,2046}:50:30
Num:200
Name:正面爬起
N:12
{2048,2048,2048,1037,3245,2135,2048,2048,2048,2925,1176,2045,2079,2040,2073,2048,2048}:50:5
{2048,2048,2048,2096,2066,2133,2043,2046,2046,2849,1231,2138,2009,2049,2070,2049,2048}:50:20
{2048,2048,2048,2096,2065,2133,2043,950,3137,2804,1242,2144,1973,2050,2069,2048,2048}:50:20
{2048,2048,2048,2095,2101,2819,1366,950,3137,2805,1242,2144,1973,2050,2069,2049,2048}:50:20
{2049,2047,2041,1361,2909,2819,1362,864,3167,2797,1243,2330,1970,2049,2069,2049,2048}:50:20
{2049,2047,2042,1357,2927,2824,1352,865,3197,3240,882,3067,1130,1422,2694,1295,2754}:50:20
{2048,2047,2042,1357,2927,2824,1353,1574,2527,3240,838,3130,1162,1311,2668,1580,2563}:50:20
{2049,2049,2045,1359,2930,2823,1353,1941,2046,3237,838,3201,1030,1276,2768,1919,2094}:50:20
{2048,2015,2042,1131,3201,2138,2059,1936,2046,3244,839,3229,964,1244,2841,1923,2098}:50:20
{2050,2016,2039,1131,3204,2137,2057,1920,2046,3209,893,2834,1343,1387,2718,1928,2042}:50:20
{2051,2017,2039,1131,3204,2136,2057,1914,2034,3039,1074,2515,1652,1625,2503,1940,2001}:50:20
{2051,2047,2047,1039,3246,2137,2051,2050,2052,2925,1174,2055,2076,2048,2070,2037,2046}:50:20
