Total:27
Fall:off
Zero:250,3310,270,1110,2970,301,3488,3450,350,380,3480,1130,3280,10,10,10,10
Num:1
Name:zero
N:1
{0,0,0,0,0,0,0,0,0,0,0,0,0,0,0,0,0}:50:5
Num:2
Name:test
N:4
{0,0,0,0,0,0,0,0,0,0,0,0,0,0,0,0,0}:50:5
{0,-242,278,87,-57,-21,-7,-12,11,23,-23,8,-2,0,0,-10,-10}:400:5
{0,-562,441,425,-390,-35,29,-11,11,25,-29,9,2,0,0,-10,-10}:990:5
{0,-1017,1077,977,-1075,-17,-33,-10,-8,39,-31,21,-5,0,0,-10,-10}:990:5
Num:3
Name:standup
N:14
{0,0,0,0,0,0,0,0,0,0,0,0,0,0,0,0,0}:50:25
{0,-306,272,85,-55,3,-32,-11,-8,28,-22,22,-6,0,0,-10,-10}:50:10
{0,-562,440,423,-387,-30,24,-8,11,25,-27,8,-5,0,0,-10,-10}:50:10
{0,-1019,1075,973,-1073,-9,-36,-297,268,117,-102,43,-14,0,0,-10,-10}:50:20
{0,-1018,1073,967,-1070,-3,-35,-886,852,103,-84,67,-27,0,0,-10,-10}:50:20
{0,-1018,1074,1612,-1396,-3,-34,-881,844,90,-69,85,-37,0,0,-10,-10}:50:15
{0,-2691,2503,1608,-1392,1107,-1112,-874,839,80,-63,89,-38,0,0,-10,-10}:50:25
{0,-2690,2497,1049,-983,1110,-1114,-868,838,68,-60,88,-38,0,0,-10,-10}:50:20
{0,-2417,2353,809,-521,1102,-1106,-859,820,63,-64,335,-344,0,0,-10,-10}:50:15
{0,-2419,2353,792,-742,1106,-1112,-911,884,496,-479,564,-571,0,0,-10,-10}:50:20
{0,-2419,2356,795,-760,1105,-1111,-1103,1071,762,-737,619,-615,0,0,-10,-10}:50:20
{1,-2421,2356,750,-713,1109,-1134,-1122,1093,928,-916,744,-753,0,0,-10,-10}:50:15
{1021,-2417,2354,806,-757,1104,-1106,-1250,1212,1064,-1030,775,-739,183,175,-10,-10}:50:12
{1021,-2421,2502,351,-267,968,-1000,-1248,1205,1050,-1019,762,-736,183,175,-10,-10}:50:20
Num:4
Name:action1
N:17
{0,0,0,0,0,0,0,0,0,0,0,0,0,0,0,0,0}:50:25
{0,-306,272,85,-55,3,-32,-11,-8,28,-22,22,-6,0,0,-10,-10}:50:25
{0,-564,447,425,-390,15,-33,-10,-8,32,-29,21,-5,0,0,-10,-10}:50:25
{0,-1019,1075,973,-1073,-9,-36,-297,268,117,-102,43,-14,0,0,-10,-10}:50:25
{0,-1018,1073,967,-1070,-3,-35,-886,852,103,-84,67,-27,0,0,-10,-10}:50:25
{0,-1018,1074,1612,-1396,-3,-34,-881,844,90,-69,85,-37,0,0,-10,-10}:50:25
{0,-2691,2503,1608,-1392,1107,-1112,-874,839,80,-63,89,-38,0,0,-10,-10}:50:25
{0,-2690,2497,1049,-983,1110,-1114,-868,838,68,-60,88,-38,0,0,-10,-10}:50:25
{0,-2417,2353,809,-521,1102,-1106,-859,820,63,-64,335,-344,0,0,-10,-10}:50:25
{0,-2418,2354,801,-754,1106,-1107,-904,877,546,-536,491,-473,0,0,-10,-10}:50:25
{0,-2417,2354,805,-768,1104,-1108,-1109,1073,758,-735,571,-562,0,0,-10,-10}:50:25
{1,-2417,2354,799,-752,1106,-1107,-1173,1137,1053,-1019,765,-736,0,0,-10,-10}:50:25
{1021,-2417,2354,806,-757,1104,-1106,-1250,1212,1064,-1030,775,-739,183,175,-10,-10}:50:25
{1021,-1222,1124,525,-285,1106,-1109,-1245,1204,1048,-1015,768,-735,183,175,-10,-10}:50:25
{1021,-1698,1126,1652,-282,1103,-1110,-1242,1203,1034,-1001,768,-736,183,175,-10,-10}:100:25
{1021,-1222,1124,525,-285,1106,-1109,-1245,1204,1048,-1015,768,-735,183,175,-10,-10}:50:25
{1021,-1698,1126,1652,-282,1103,-1110,-1242,1203,1034,-1001,768,-736,183,175,-10,-10}:100:25
Num:5
Name:向前
N:2
{0,0,0,0,0,0,0,0,0,0,0,0,0,0,0,0,0}:50:5
{0,0,0,0,0,0,0,0,0,0,0,0,0,724,767,0,0}:50:5
Num:6
Name:向后
N:2
{0,0,0,0,0,0,0,0,0,0,0,0,0,0,0,0,0}:50:5
{0,0,0,0,0,0,0,0,0,0,0,0,0,762,730,0,0}:50:5
Num:7
Name:sitdown
N:13
{1021,-2417,2354,806,-757,1104,-1106,-1250,1212,1064,-1030,775,-739,183,175,-10,-10}:50:14
{1,-2417,2354,799,-752,1106,-1107,-1173,1137,1053,-1019,765,-736,0,0,-10,-10}:50:10
{0,-2419,2353,788,-746,1096,-1097,-1327,1289,845,-822,601,-594,0,0,-10,-10}:50:10
{0,-2419,2355,725,-696,1089,-1100,-1393,1362,596,-591,487,-488,0,0,-10,-10}:50:10
{0,-2417,2353,809,-521,1102,-1106,-859,820,63,-64,335,-344,0,0,-10,-10}:50:15
{0,-2690,2497,1049,-983,1110,-1114,-868,838,68,-60,88,-38,0,0,-10,-10}:50:10
{0,-2691,2503,1608,-1392,1107,-1112,-874,839,80,-63,89,-38,0,0,-10,-10}:50:12
{0,-1018,1074,1612,-1396,-3,-34,-881,844,90,-69,85,-37,0,0,-10,-10}:50:25
{0,-1018,1073,967,-1070,-3,-35,-886,852,103,-84,67,-27,0,0,-10,-10}:50:12
{0,-1019,1075,973,-1073,-9,-36,-297,268,117,-102,43,-14,0,0,-10,-10}:50:10
{0,-564,440,424,-390,-38,44,-10,12,26,-26,40,-3,0,0,-10,-10}:50:20
{0,-303,277,90,-56,-24,5,-12,14,19,-21,39,-8,0,0,-10,-10}:50:15
{0,0,0,0,0,0,0,0,0,0,0,0,0,0,0,0,0}:50:25
Num:8
Name:奔跑
N:9
{1021,-2186,2227,345,-261,973,-1003,-1333,1294,1089,-1048,721,-691,183,175,-10,-10}:50:25
{1021,-1521,1635,223,543,997,-1070,-1333,1294,1089,-1048,721,-691,183,175,-10,-10}:100:15
{1021,-1818,1291,-391,-331,979,-1067,-1333,1294,1089,-1048,721,-691,183,175,-10,-10}:100:15
{1021,-1521,1635,223,543,997,-1070,-1333,1294,1089,-1048,721,-691,183,175,-10,-10}:100:15
{1021,-1818,1291,-391,-331,979,-1067,-1333,1294,1089,-1048,721,-691,183,175,-10,-10}:100:15
{1021,-1521,1635,223,543,997,-1070,-1333,1294,1089,-1048,721,-691,183,175,-10,-10}:100:15
{1021,-1818,1291,-391,-331,979,-1067,-1333,1294,1089,-1048,721,-691,183,175,-10,-10}:100:15
{1021,-1521,1635,223,543,997,-1070,-1333,1294,1089,-1048,721,-691,183,175,-10,-10}:100:15
{1021,-2186,2227,345,-261,973,-1003,-1333,1294,1089,-1048,721,-691,183,175,-10,-10}:100:25
Num:9
Name:抖手
N:12
{1021,-2186,2227,345,-261,973,-1003,-1333,1294,1089,-1048,721,-691,183,175,-10,-10}:100:15
{1021,-896,860,1366,-1369,1049,-1119,-1338,1293,1094,-1054,743,-716,183,175,-10,-10}:100:16
{1021,-895,861,1328,-1357,18,-25,-1335,1292,1078,-1037,709,-681,183,175,-10,-10}:150:10
{1021,-2901,1507,1372,-768,137,-45,-1295,1259,1094,-1058,714,-685,183,175,-10,-10}:150:15
{1021,-1447,3005,727,-1516,-3,-45,-1297,1262,1092,-1057,713,-693,183,175,-10,-10}:150:15
{1021,-2900,1512,1371,-769,137,-45,-1288,1252,1080,-1047,728,-706,183,175,-10,-10}:150:15
{1021,-1448,3005,723,-1532,-18,-47,-1295,1255,1091,-1061,727,-701,183,175,-10,-10}:150:15
{1021,-2900,1513,1372,-767,137,-46,-1295,1252,1090,-1055,713,-690,183,175,-10,-10}:150:15
{1021,-1445,3004,722,-1517,-6,-46,-1295,1258,1088,-1055,715,-691,183,175,-10,-10}:100:15
{1021,-1210,1230,1574,-1748,-6,-46,-1300,1259,1099,-1064,732,-706,183,175,-10,-10}:100:15
{1021,-896,856,1371,-1373,1048,-1118,-1338,1296,1092,-1051,723,-689,183,175,-10,-10}:100:20
{1021,-2186,2227,345,-261,973,-1003,-1333,1294,1089,-1048,721,-691,183,175,-10,-10}:100:20
Num:10
Name:点头
N:5
{1021,-2186,2227,345,-261,973,-1003,-1333,1294,1089,-1048,721,-691,183,175,-10,-10}:100:10
{600,-2186,2227,345,-261,973,-1003,-1333,1294,1089,-1048,721,-691,183,175,-10,-10}:100:10
{1021,-2186,2227,345,-261,973,-1003,-1333,1294,1089,-1048,721,-691,183,175,-10,-10}:100:10
{600,-2186,2227,345,-261,973,-1003,-1333,1294,1089,-1048,721,-691,183,175,-10,-10}:100:10
{1021,-2186,2227,345,-261,973,-1003,-1333,1294,1089,-1048,721,-691,183,175,-10,-10}:100:10
Num:11
Name:坐姿
N:9
{0,0,0,0,0,0,0,0,0,0,0,0,0,0,0,0,0}:50:10
{0,-306,272,85,-55,3,-32,-11,-8,28,-22,22,-6,0,0,-10,-10}:50:10
{0,-564,447,425,-390,15,-33,-10,-8,32,-29,21,-5,0,0,-10,-10}:50:10
{0,-1019,1075,973,-1073,-9,-36,-297,268,117,-102,43,-14,0,0,-10,-10}:50:20
{0,-1019,1075,973,-1073,-9,-36,-297,268,117,-102,43,-14,0,0,-10,-10}:50:13
{0,-1016,1073,1458,-1376,42,57,-952,931,93,-78,64,-29,0,0,-10,-10}:50:15
{0,-1016,1073,1458,-1333,1118,-1108,-952,931,94,-81,64,-29,0,0,-10,-10}:50:15
{1001,-1565,1718,1084,-1131,1091,-1123,-946,922,22,-27,64,-29,0,0,-10,-10}:50:10
{1001,-1563,1716,1072,-1126,1089,-1123,-942,927,12,1,44,-25,0,0,-10,-10}:50:10
Num:12
Name:熊猫桌
N:5
{1001,-1566,1717,1077,-1125,1094,-1123,-939,925,10,0,-8,4,0,0,-10,-10}:50:25
{1001,-1052,1133,1075,-1135,1087,-1114,-955,925,922,-901,254,-256,0,0,-10,-10}:50:20
{1001,13,-1,1083,-1130,1084,-1118,-945,917,932,-905,321,-332,0,0,-10,-10}:50:25
{1001,10,2,1079,-1126,1086,-1119,-1081,1043,73,-69,284,-263,0,0,-10,-10}:50:20
{1001,8,5,1067,-1120,1072,-1106,-1081,1049,13,2,19,-5,0,0,-10,-10}:50:15
Num:13
Name:野兽
N:4
{1001,12,4,1066,-1121,1068,-1106,-1081,1047,11,1,6,-1,0,0,-10,-10}:100:10
{1001,-1144,1200,1078,-1142,1066,-1101,-1090,1056,72,-64,396,-408,0,0,-10,-10}:100:10
{1001,-1148,1200,1079,-1132,1079,-1108,-1085,1048,1032,-1013,90,-47,0,0,-10,-10}:100:10
{1001,-2399,2464,1076,-1127,1075,-1104,-1230,1193,1562,-1558,531,-514,0,0,-10,-10}:100:20
Num:14
Name:蹲形
N:7
{1001,-2397,2459,1078,-1131,1078,-1109,-1222,1182,1558,-1552,668,-672,0,0,-10,-10}:100:10
{1001,-2398,2459,1071,-1130,1074,-1104,-789,757,69,-59,344,-366,0,0,-10,-10}:100:15
{1001,-2399,2462,1071,-1118,1075,-1108,-925,913,18,-27,17,31,0,0,-10,-10}:100:10
{1,-1238,1215,1543,-1417,1081,-1109,-915,912,15,2,27,6,0,0,-10,-10}:100:20
{1,-1239,1210,1546,-1427,-7,-25,-9,13,17,0,20,6,0,0,-10,-10}:100:20
{1,-234,198,98,-73,-13,-23,-7,11,21,0,20,28,0,0,-10,-10}:100:25
{1,-18,11,24,-2,0,-23,-7,11,13,-2,20,19,0,0,-10,-10}:100:10
Num:15
Name:倒立
N:8
{1001,-2399,2464,1076,-1127,1075,-1104,-1230,1193,1562,-1558,531,-514,0,0,-10,-10}:50:10
{1001,-1020,1071,1079,-1126,1075,-1099,-1230,1193,1558,-1555,527,-511,0,0,-10,-10}:100:20
{1001,-1011,1064,1084,-1131,1071,-1101,-1561,500,835,-1362,524,-504,0,0,-10,-10}:100:10
{1001,-837,780,377,-321,1077,-1102,-1541,601,826,-1583,525,-657,0,0,-10,-10}:100:20
{1001,-1024,943,406,-379,1070,-1094,-1562,486,831,-1372,523,-508,0,0,-10,-10}:100:10
{1001,-1024,945,404,-381,1071,-1095,-1563,1544,832,-811,523,-508,0,0,-10,-10}:100:10
{1001,-1024,943,407,-379,1070,-1093,-1563,1540,532,-545,652,-652,0,0,-10,-10}:100:6
{1001,-1024,943,408,-380,1070,-1093,-1563,1539,1073,-1066,652,-652,0,0,-10,-10}:100:10
Num:16
Name:倒立返回兽形
N:5
{1001,-1024,943,408,-380,1070,-1093,-1563,1539,1073,-1066,652,-652,0,0,-10,-10}:50:10
{1001,-1027,939,383,-365,1067,-1091,-374,347,1279,-1249,651,-653,0,0,-10,-10}:50:30
{1001,-469,445,1119,-1113,1073,-1095,-379,351,1273,-1249,649,-652,0,0,-10,-10}:50:20
{1001,-1080,1133,1553,-1579,1066,-1090,-753,735,1789,-1815,648,-650,0,0,-10,-10}:50:20
{1001,-2401,2450,1080,-1148,1077,-1100,-1246,1199,1554,-1554,538,-537,0,0,-10,-10}:50:20
Num:17
Name:最快前进
N:2
{0,0,0,0,0,0,0,0,0,0,0,0,0,0,0,0,0}:50:5
{0,0,0,0,0,0,0,0,0,0,0,0,0,470,950,0,0}:50:5
Num:18
Name:最快后退
N:2
{0,0,0,0,0,0,0,0,0,0,0,0,0,0,0,0,0}:50:5
{0,0,0,0,0,0,0,0,0,0,0,0,0,890,490,0,0}:50:5
Num:19
Name:准备夹球
N:1
{1001,-2568,2603,1380,-1425,1261,-1222,-560,524,12,-1,46,-24,0,0,-10,-10}:50:10
Num:20
Name:夹球
N:2
{1001,-2570,2602,1376,-1422,1289,-1267,-558,521,11,0,48,-22,0,0,-10,-10}:50:10
{1001,-2125,2175,1665,-1706,1353,-1348,-540,507,19,-5,48,-22,0,0,-10,-10}:50:10
Num:21
Name:夹球前进
N:2
{1001,-2123,2170,1661,-1714,1378,-1321,-525,496,19,-6,48,-21,470,950,-10,-10}:50:5
{1001,-2123,2170,1661,-1714,1378,-1321,-525,496,19,-6,48,-21,20,20,-10,-10}:50:2
Num:22
Name:夹球后退
N:2
{1001,-2123,2170,1661,-1714,1378,-1321,-525,496,19,-6,48,-21,890,490,-10,-10}:50:5
{1001,-2123,2170,1661,-1714,1378,-1321,-525,496,19,-6,48,-21,20,20,-10,-10}:50:2
Num:23
Name:放球
N:1
{1001,-2125,2173,1663,-1706,1318,-1267,-525,497,18,-5,46,-21,0,0,-10,-10}:50:10
Num:24
Name:准备夹球前进
N:3
{1001,-2565,2601,1374,-1421,1259,-1226,-811,764,13,-5,45,-25,0,0,-10,-10}:50:5
{1001,-2565,2601,1374,-1421,1259,-1226,-811,764,13,-5,45,-25,470,950,-10,-10}:50:5
{1001,-2565,2601,1374,-1421,1259,-1226,-811,764,13,-5,45,-25,0,0,-10,-10}:50:2
Num:25
Name:准备夹球后退
N:3
{1001,-2565,2601,1374,-1421,1259,-1226,-811,764,13,-5,45,-25,0,0,-10,-10}:50:5
{1001,-2565,2601,1374,-1421,1259,-1226,-811,764,13,-5,45,-25,890,490,-10,-10}:50:5
{1001,-2565,2601,1374,-1421,1259,-1226,-811,764,13,-5,45,-25,0,0,-10,-10}:50:2
Num:26
Name:坐姿前进
N:2
{1001,-1563,1716,1072,-1126,1089,-1123,-942,927,12,1,44,-25,470,950,-10,-10}:50:5
{1001,-1563,1716,1072,-1126,1089,-1123,-942,927,12,1,44,-25,0,0,-10,-10}:50:2
Num:27
Name:坐姿后退
N:2
{1001,-1563,1716,1072,-1126,1089,-1123,-942,927,12,1,44,-25,890,490,-10,-10}:50:5
{1001,-1563,1716,1072,-1126,1089,-1123,-942,927,12,1,44,-25,0,0,-10,-10}:50:2
